2022-07-26 19:01:03:0517 0,0,12002,70021,33078
2022-07-26 19:06:43:0953 0,0,12029,70021,21016
2022-07-26 19:07:19:0517 1,1,12002,70021,35562
2022-07-26 19:07:19:0594 2,2,12031,70021,78
2022-07-26 19:07:19:0673 3,3,12031,70021,78
2022-07-26 19:07:46:0362 4,4,12031,70021,26688
2022-07-26 19:07:48:0528 5,5,12029,70021,2172
2022-07-26 19:07:50:0710 6,6,12029,70021,2187
2022-07-26 19:07:52:0729 7,7,12029,70021,2016
2022-07-26 20:02:40:0521 0,0,12002,70021,32047
2022-07-26 20:04:02:0980 0,0,12002,70021,32016
2022-07-27 12:42:21:0186 0,0,0,70022,529
2022-07-27 21:12:18:0250 0,0,0,70022,1414
2022-07-29 11:08:49:0331 0,0,0,70022,936
2022-07-29 12:45:39:0330 0,0,0,70022,14124
2022-07-31 03:20:08:0018 0,0,0,70022,3354
2022-07-31 06:05:26:0562 0,0,0,70022,8485
2022-07-31 08:31:39:0467 0,0,0,70022,3711
2022-07-31 11:14:44:0470 0,0,0,70022,5747
2022-07-31 13:49:25:0878 0,0,0,70022,2030
2022-07-31 15:39:19:0544 0,0,12152,70021,28726
2022-07-31 17:29:43:0073 0,0,12002,70021,128500
2022-07-31 18:09:11:0327 0,0,12152,70021,14688
2022-07-31 18:09:14:0843 1,1,12152,70021,14064
2022-07-31 18:11:28:0109 0,0,12002,70021,128500
2022-07-31 18:11:31:0824 1,1,12152,70021,14872
2022-07-31 18:32:41:0040 0,0,12002,70021,129124
