2022-07-26 15:51:34:0944 0,0,0,70022,7512
2022-07-26 16:33:16:0972 0,0,0,70022,2914
2022-07-26 19:05:18:0548 0,0,12029,70021,21015
2022-07-26 19:05:39:0563 1,1,12029,70021,21016
2022-07-26 19:06:00:0579 2,2,12029,70021,21016
2022-07-26 19:06:21:0596 3,3,12029,70021,21015
2022-07-26 19:06:42:0614 4,4,12029,70021,21016
2022-07-26 19:07:21:0663 5,5,12002,70021,39062
2022-07-26 19:07:21:0744 6,6,12031,70021,79
2022-07-26 19:07:23:0763 7,7,12029,70021,2015
2022-07-27 14:48:57:0761 0,0,0,70022,331
2022-07-27 18:24:44:0520 0,0,0,70022,795
2022-07-27 20:16:27:0465 0,0,0,70022,234
2022-07-29 14:52:08:0145 0,0,12002,70021,128184
2022-07-29 14:52:40:0208 1,1,12002,70021,128188
2022-07-29 14:53:12:0281 2,2,12002,70021,128248
2022-07-29 14:53:45:0345 3,3,12002,70021,132252
2022-07-29 14:54:20:0404 4,4,12002,70021,140248
2022-07-29 14:54:23:0111 5,5,12031,70021,10812
2022-07-29 14:54:55:0162 6,6,12002,70021,128188
2022-07-29 14:54:57:0184 7,7,12029,70021,8060
