2022-07-26 18:58:09:0381 0,0,12002,70021,32047
2022-07-26 18:58:39:0963 1,1,0,70022,30578
2022-07-26 18:58:40:0274 2,2,0,70022,313
2022-07-26 19:07:32:0662 0,0,12002,70021,32031
2022-07-26 19:07:46:0370 1,1,12031,70021,13704
2022-07-26 19:07:48:0538 2,2,12029,70021,2156
2022-07-26 19:07:50:0730 3,3,12029,70021,2203
2022-07-26 19:07:52:0898 4,4,12029,70021,2156
2022-07-26 19:07:55:0088 5,5,12029,70021,2187
2022-07-26 19:07:57:0250 6,6,12029,70021,2157
2022-07-26 19:07:59:0268 7,7,12029,70021,2015
2022-07-26 19:56:47:0418 0,0,12002,70021,181279
2022-07-27 12:45:22:0474 0,0,0,70022,441
2022-07-29 14:22:18:0416 0,0,0,70022,876
2022-07-29 14:54:23:0181 0,0,0,70022,123748
2022-07-29 14:54:25:0996 1,1,0,70022,11252
