2022-07-26 18:52:45:0729 0,0,0,70022,12047
2022-07-26 19:06:01:0222 0,0,12029,70021,21015
2022-07-26 19:06:22:0237 1,1,12029,70021,21016
2022-07-26 19:06:43:0250 2,2,12029,70021,21016
2022-07-26 19:07:22:0304 3,3,12002,70021,39062
2022-07-26 19:07:46:0360 4,4,12031,70021,24047
2022-07-26 19:07:48:0535 5,5,12029,70021,2172
2022-07-26 19:07:50:0710 6,6,12029,70021,2172
2022-07-26 19:07:52:0728 7,7,12029,70021,2016
2022-07-29 13:19:45:0496 0,0,0,70022,406
2022-07-29 14:51:39:0065 0,0,12002,70021,128188
2022-07-29 14:52:12:0123 1,1,12002,70021,132252
2022-07-29 14:52:45:0177 2,2,12002,70021,132188
2022-07-29 14:53:13:0404 3,3,12002,70021,112876
2022-07-29 14:53:48:0482 4,4,12002,70021,140312
2022-07-29 14:54:20:0541 5,5,12002,70021,128252
2022-07-29 14:54:52:0597 6,6,12002,70021,128188
2022-07-29 14:54:54:0622 7,7,12029,70021,8124
2022-07-30 21:32:44:0321 0,0,0,70022,1414
2022-07-31 00:15:44:0388 0,0,0,70022,3977
2022-07-31 02:51:35:0142 0,0,12002,70021,110750
2022-07-31 15:25:42:0837 0,0,12031,70021,14673
2022-07-31 15:39:04:0610 0,0,12152,70021,22186
2022-07-31 15:39:36:0779 1,1,12002,70021,181992
2022-07-31 16:06:39:0915 0,0,12152,70021,20772
2022-07-31 18:05:07:0751 0,0,12152,70021,14188
2022-07-31 18:05:11:0301 1,1,12152,70021,14188
2022-07-31 18:05:14:0933 2,2,12152,70021,14564
2022-07-31 18:05:18:0670 3,3,12152,70021,14936
