2022-07-26 11:36:07:0177 0,0,0,70022,1062
2022-07-26 11:36:08:0056 1,1,0,70022,891
2022-07-26 12:09:22:0558 0,0,0,70022,609
2022-07-26 12:09:23:0045 1,1,0,70022,484
2022-07-26 14:50:21:0138 0,0,0,70022,2387
2022-07-26 19:05:07:0877 0,0,12029,70021,21016
2022-07-26 19:05:28:0894 1,1,12029,70021,21015
2022-07-26 19:05:49:0915 2,2,12029,70021,21031
2022-07-26 19:06:10:0928 3,3,12029,70021,21016
2022-07-26 19:06:31:0947 4,4,12029,70021,21016
2022-07-26 19:06:46:0985 5,5,12029,70021,15031
2022-07-26 19:06:47:0570 6,6,12031,70021,594
2022-07-26 19:06:49:0588 7,7,12029,70021,2015
2022-07-26 20:03:37:0209 0,0,12002,70021,32015
2022-07-27 19:25:36:0736 0,0,0,70022,1422
2022-07-27 20:37:56:0061 0,0,0,70022,10376
2022-07-29 11:39:40:0403 0,0,0,70022,1876
2022-07-31 00:43:42:0664 0,0,0,70022,1862
2022-07-31 04:15:34:0249 0,0,0,70022,2477
2022-07-31 15:18:02:0481 0,0,0,70022,2828
2022-07-31 15:38:21:0242 0,0,12152,70021,20240
2022-07-31 15:39:28:0328 0,0,12152,70021,23691
2022-07-31 15:56:16:0704 0,0,12152,70021,41182
2022-07-31 16:19:38:0918 0,0,12152,70021,20155
2022-07-31 17:24:48:0918 0,0,12152,70021,14188
2022-07-31 18:09:19:0727 0,0,12152,70021,14312
2022-07-31 18:09:23:0696 1,1,12152,70021,15876
2022-07-31 18:10:42:0593 0,0,12002,70021,128376
2022-07-31 20:53:59:0379 0,0,0,70022,1624
